0
0
-2760
-1920
-1920
-2900
-1640
-940
-1500
-240
-240
-380
-1220
-1080
-1360
-800
880
-1360
-380
-1080
39
-2060
-2480
16700
-660
-2200
-2900
-660
-1500
0
-6540
0
0
-1220
-1080
-3740
-3600
-2760
-2200
-4160
4659
13200
-800
-380
2000
-520
-1780
-1640
-380
-1080
-1360
-1500
-100
-2900
-800
-2340
-2200
-1780
-1360
-1500
-2200
-2200
-4020
0
319
-1640
-3320
-2760
-3740
-3460
-2900
-2760
-1220
-2340
319
-1640
-1220
-2060
-1500
-660
-1220
-1640
-1500
-380
-1500
-2060
-1920
-1360
-2060
-660
-2340
-1920
-3180
-3880
-3740
-2060
-2760
-1220
-3600
-2340
-3320
-1920
-2060
-940
459
-940
-100
-800
-1640
-940
-1920
-3320
-1360
-1500
-1080
-1640
-1360
-520
-1640
-940
-940
-380
-2900
-1360
-1220
-940
-3460
-940
-1780
-2060
-2060
-1220
-1080
-240
-1500
-1640
-940
-940
2000
3120
-1080
-940
-1640
-1780
1019
-4440
-800
-2760
-1780
-3600
-2480
-2060
-1920
-2900
-4440
-2340
-2620
-1360
-2200
-3180
-2760
-2200
-2060
-1640
-1500
-3180
-2340
-3460
1019
-1780
-1780
-800
-1220
-2620
-1220
-1220
-1500
-2060
-3180
-2060
-2480
-3180
-3320
-2620
-1780
-800
-520
-3740
-3320
2559
-2760
-2760
-2200
-3880
-2900
-3040
-3180
1719
-2060
-2340
1019
-1780
-1080
-2200
-1500
-1220
-9620
-660
-240
319
-2900
-1920
-2060
-3040
-2480
-2480
-3180
-3460
-1780
-940
-1360
-3040
-4300
-800
-940
-2480
-3180
-2620
-3600
-2340
-2760
-3180
-100
-1780
-1220
-660
-2200
-1500
-2200
-2060
-1360
-1080
-2620
-3320
-3040
-3180
-1920
-2060
740
-1500
-2200
-1220
-1220
-3460
-2760
-660
-2200
-940
-2480
-3880
-520
-2900
-3180
-1360
-100
39
-1920
459
-1780
-3320
-1780
-1640
-1220
-1360
599
-2480
-2340
-1640
-2060
-2200
-800
-2900
-1920
-1080
-3180
-2900
-3040
-1360
-1360
-2340
-3460
-2340
-3180
-2480
-2900
-1220
-1920
-1640
-3600
39
-2200
-2060
-520
-1780
-1220
-1640
-1500
-800
-3460
-2060
-3040
-3040
-800
-1360
-1080
-2060
-2340
-940
-1080
-1360
-1780
-1220
-2760
1019
-3180
-1920
-800
-1360
-2200
-940
-800
-1920
-3880
-2200
-660
-240
-1220
-2620
-2900
-3180
-2340
-3880
-1080
-2200
-1360
13479
-1220
-3460
-3320
-1640
-1920
-240
-1220
-1360
-940
-2200
-240
-2060
-2620
-2620
740
-940
740
-3040
-1640
-1360
-240
-1640
-940
-1640
-520
-2620
39
-2200
-1500
-660
-1640
-800
-2060
-100
-3600
-1080
-380
179
-1920
-1080
-1500
-800
-520
-940
-1500
-800
459
-240
-2620
-1220
-1360
-1920
39
179
-2200
-2480
-380
4940
-1780
-660
-2060
-800
-1220
-1360
-1640
-800
-1220
-1080
-1920
-1500
-1500
-1780
-800
-2200
-1360
-1780
-1640
-520
880
-520
-1640
-2340
-1780
-1080
-1780
-660
-800
-100
-1080
319
-940
-3040
-100
-660
-1080
-940
-1220
-660
-1080
-1360
-940
-240
0
-1780
-1220
-800
-3320
-1500
-1360
-1500
179
-240
-1500
-2200
-1220
-1080
-1920
319
-1780
-1640
-1220
-2200
-520
-100
-1780
-1220
-940
-1500
-1500
-2760
-800
179
0
-9620
0
0
-660
-1780
-1640
-1220
-1780
-3180
459
-1080
-2620
-1220
-520
-1360
-1780
740
-2480
-3040
-3180
-520
-380
-3600
39
-4580
-1220
-1220
-520
-240
179
-800
0
0
